6939
174
3356
24482
3549
36351
7018
58511
8220
49605
25091
38880
209
37100
23106
20764
30844
34224
34288
13237
6461
2914
12779
20485
8492
10026
1299
3257
18106
51185
15547
25227
37497
52320
8468
1916
1267
3252
9002
42708
20932
20562
1103
1764
9498
12859
31019
701
9304
25933
12389
43531
31133
52720
29140
25220
50300
34781
50304
28220
22548
14840
263945
262354
264268
52940
52863
262317
264911
263584
263152
262757
263651
262750
53067
53070
28571
262612
28138
2828
8447
3267
47872
8359
28917
53013
263075
7713
4826
13030
20940
263047
14537
25160
33891
8422
15605
7575
20804
20473
12637
16265
13335
19551
15133
30132
32934
15169
15435
12578
2906
200130
202018
42
29076
12989
36408
3216
6830
16276
5588
32590
3856
553
50763
9189
6453
8732
29314
8928
62044
39063
2603
6663
286
8426
9050
3741
8881
14061
16735
9505
12741
4637
31025
10310
8551
8075
3491
11666
1680
13768
4739
57866
31500
6667
30781
49544
25152
8262
42473
41811
13414
3320
29119
23148
8400
9583
36236
37662
4755
29208
202109
29075
22773
29791
37282
35297
2635
8473
31042
46786
28716
6661
5713
9145
34655
44654
43350
24218
8455
4651
41695
40676
6730
45758
45474
4766
30081
23393
39386
17557
13285
45352
31122
15589
8218
6866
29049
4589
201054
41690
38082
59605
47869
16637
15695
53828
37468
37179
63949
15802
12713
4800
43996
18059
6677
33353
33182
8309
63956
23576
7160
1547
50245
25369
16347
40627
9116
8674
12850
47447
39120
34309
31638
29169
15623
2611
59318
29697
51945
12337
260
200612
37054
21345
13122
8851
51028
48526
62955
14492
6648
51468
13238
13213
8304
33047
29017
8544
39651
34695
22363
20860
16839
14340
2110
61955
44735
8403
55195
47541
34177
18705
64049
56730
9036
41552
39122
35574
12496
1248
197981
132876
132591
50056
55819
49505
49289
8757
8513
54994
48519
34442
25178
44050
36994
56704
31463
60171
49375
44356
39915
197440
33438
15533
15399
198781
60868
37105
46887
44020
39179
16211
12200
8681
203724
203164
61323
44981
37564
31727
27822
34245
9029
52075
50316
38182
15594
9178
8683
6619
3255
60610
43404
37613
37009
35180
31059
30740
27630
20712
3213
38040
16353
10474
8897
60447
31708
25061
2484
42689
35228
33763
29527
5503
47264
44684
24916
22652
19324
2134
49572
47474
37273
34270
17660
13009
12969
12874
4004
31595
23939
199670
59455
29611
16164
13005
61231
33920
29636
8282
7029
56595
34555
23889
17088
59701
41230
24594
20952
47480
42353
36916
34790
29006
12576
8878
5631
5564
60800
42831
41000
35266
34066
30827
8301
7642
197000
39905
34934
12390
8902
8530
198047
51561
44611
39821
39356
36131
327814
56478
44646
42344
42004
39202
33941
29606
25376
21472
61124
61049
57119
51043
50468
47631
42040
41678
35834
25460
15839
13208
3303
2895
200507
197898
61215
57624
42369
41847
41095
39537
35799
31084
29009
21267
199659
198313
61081
56329
51918
43323
36902
28792
6643
198554
59659
56990
51297
50823
47999
43545
42010
37353
37122
34746
31474
30931
29452
20915
15692
12519
6779
203851
201277
201126
200781
199335
197669
134145
58273
57653
57356
57315
57099
51055
47704
43013
42543
42044
38719
37363
35826
34967
29676
28920
28757
20799
20738
20681
20596
16303
206999
201473
199204
198736
197913
133372
58226
51603
51409
47998
42228
35399
34768
12290
8789
203568
203421
203057
200700
199121
198719
62244
59439
50957
49415
47762
41354
38808
35551
31472
16174
9140
5459
204264
59933
59410
48101
39522
30933
12477
8950
199706
56460
49344
41617
37349
31631
206405
203416
200083
203231
6717
34407
28846
50311
6762
35320
16509
1239
2119
6128
1200
11686
852
23673
38809
47622
15772
12350
6507
4181
4788
46489
22822
29608
9318
3327
3786
8708
20115
21219
199524
12883
29632
44444
680
31242
8308
50607
36692
28329
3333
18881
196844
7660
26415
6777
2516
1836
1273
35745
5413
1221
40191
19151
12956
32787
2497
8374
21021
20853
47329
18101
4230
42909
577
50606
7473
28625
6327
702
13110
24748
10429
42927
49102
55410
45896
197091
58321
50481
15997
14361
4657
39326
47223
49386
42739
24441
30851
9085
58307
5769
56391
42673
35434
35179
57723
51373
50153
48424
31304
24806
197099
49743
43709
28978
24709
51290
41421
39816
34209
197790
48559
39869
31229
16342
8664
3169
59460
51484
49420
38987
30975
30778
12912
12824
12618
197667
196729
60191
51399
51310
51155
42177
42084
41201
39603
30838
29553
5526
3292
197704
57811
56949
56511
51863
50625
50467
50349
42763
41256
39375
34409
30793
29430
28797
21244
12827
8477
207067
203821
202004
200966
199503
199113
198984
197572
197503
197405
197113
60018
59611
57718
51060
49528
49300
49242
48428
44914
43679
43372
43118
42830
42503
41676
35007
29522
29305
21344
8819
207119
202050
201323
200539
199715
199338
199060
198777
198704
198493
198230
198036
197480
197400
197336
197227
196890
60806
57896
57249
57101
56515
50705
50599
47322
44454
44061
42204
41266
35063
34891
30923
25523
25443
21011
12985
206579
201328
201020
199981
199953
199390
199075
199057
198945
198271
198232
198067
197979
197201
196928
62421
60563
59607
57701
57665
50661
48047
43420
43091
42039
41952
41796
41790
41314
39039
33838
31409
29135
16296
8535
199980
199831
198979
198594
198577
198073
198000
197837
197724
56904
51277
49633
49035
42968
41356
41004
35378
31423
29512
21404
20592
15874
28929
7385
198591
42914
2854
197839
8607
3561
10796
4809
32653
8283
786
7738
27446
12552
6079
5617
2764
7474
9049
8717
262589
4761
29686
2856
41497
393406
62567
1136
5392
15830
4608
3223
15412
9009
4844
33491
23947
5089
11039
5396
8167
9121
7922
8866
24785
202032
37271
5580
29222
15290
5511
3269
1257
5650
11404
29226
5400
714
23520
17451
34984
4773
812
7015
6720
1403
11427
5483
3215
9299
39737
3209
293
4775
24724
8966
62081
12695
7342
13249
16657
1280
2686
12714
8943
7303
8331
4134
54113
23005
15557
33651
4713
50673
8767
8758
3326
22927
15694
3352
18403
13101
31334
20632
13789
58453
57344
29838
6774
2152
56258
53237
7049
8764
8657
1237
25478
17922
5603
2852
53062
42861
28598
11537
11164
45629
9119
5563
45147
20965
12715
12301
8641
8595
17676
12615
24130
31400
8560
41313
28368
26615
199599
6910
16397
35805
33132
31216
26554
25074
5466
31529
31027

TOTAL: 1011
